version https://git-lfs.github.com/spec/v1
oid sha256:f4697e37e42e0e52e6dd9dc9882bea46a0e241b7cd23198d1267a61030ee7c64
size 7976
