version https://git-lfs.github.com/spec/v1
oid sha256:d93add80c73c237260ed5e24d5d6889625dc262462e94c46863da52c79691363
size 8157
