version https://git-lfs.github.com/spec/v1
oid sha256:0dea660b0a5023faf0ac1a3fcb10596830a0cba5d9602f4d5311c8d7e6601cf2
size 7968
